0.0 0.0342591 0.0687839 0.103834 0.139656 0.176481 0.214513 0.25393 0.294876 0.337452 0.381713 0.427657 0.475209 0.524197 0.57432 0.62509 0.675756 0.725185 0.771714 0.812967 0.845698 0.865777 0.868524 0.849632 0.806581 0.739574 0.650395 0.540687 0.410424 0.256106 0.0666667
0.0 0.0342591 0.0687839 0.103834 0.139656 0.176481 0.214513 0.25393 0.294876 0.337452 0.381713 0.427657 0.475209 0.524197 0.57432 0.62509 0.675756 0.725185 0.771714 0.812967 0.845698 0.865777 0.868524 0.849632 0.806581 0.739574 0.650395 0.540687 0.410424 0.256106 0.0666667
0.0 0.0340452 0.0683616 0.103214 0.138856 0.17552 0.213419 0.252734 0.293613 0.336166 0.380459 0.426502 0.474244 0.523548 0.574165 0.62569 0.677485 0.728571 0.777462 0.821942 0.85878 0.88351 0.890533 0.874122 0.83083 0.761994 0.671125 0.561395 0.434583 0.291279 0.133333
0.0 0.0336117 0.0675059 0.101959 0.137233 0.173573 0.211199 0.250303 0.291044 0.333543 0.377882 0.424101 0.472187 0.522068 0.573596 0.626516 0.680417 0.734635 0.788094 0.839011 0.884399 0.919351 0.936344 0.925826 0.880915 0.806695 0.710918 0.599341 0.475336 0.341145 0.2
0.0 0.0329474 0.0661945 0.100034 0.134745 0.170587 0.207793 0.246568 0.287084 0.329478 0.373855 0.420285 0.468805 0.519426 0.572127 0.626857 0.683522 0.741942 0.80174 0.86206 0.920885 0.973551 1.01003 1.01225 0.960599 0.873202 0.766713 0.649867 0.526377 0.398017 0.266667
0.0 0.0320349 0.0643932 0.0973904 0.131327 0.166482 0.203107 0.241421 0.281611 0.323831 0.368203 0.414829 0.463794 0.515187 0.569119 0.625758 0.685365 0.748355 0.815335 0.887056 0.963959 1.04433 1.11835 1.15289 1.07632 0.959049 0.833067 0.70719 0.582392 0.457931 0.333333
0.0 0.0308505 0.0620552 0.0939595 0.126892 0.161155 0.197021 0.234728 0.274476 0.316429 0.360725 0.407484 0.456823 0.50889 0.563897 0.622183 0.684317 0.751261 0.824657 0.90732 1.00399 1.12187 1.26653 1.40496 1.23302 1.05386 0.899516 0.763587 0.638172 0.518032 0.4
0.0 0.0293633 0.0591198 0.0896527 0.121325 0.15447 0.189384 0.226324 0.2655 0.307083 0.351211 0.398007 0.447594 0.500136 0.555884 0.615252 0.678948 0.748196 0.825182 0.914027 1.02323 1.17304 1.42129 1.96774 1.39723 1.12409 0.947753 0.809622 0.688781 0.576078 0.466667
0.0 0.0275339 0.05551 0.0843582 0.114485 0.14626 0.180011 0.216011 0.254481 0.295587 0.339456 0.386186 0.435876 0.488656 0.544739 0.604486 0.668515 0.737872 0.814318 0.900819 1.0023 1.12617 1.2782 1.42559 1.26436 1.09778 0.95798 0.838521 0.731353 0.630883 0.533333
0.0 0.0253136 0.0511296 0.0779365 0.106194 0.13632 0.168675 0.203557 0.241188 0.281725 0.325262 0.371852 0.421532 0.474353 0.530417 0.589928 0.653243 0.720939 0.793863 0.873079 0.959404 1.05155 1.14012 1.19239 1.13711 1.04495 0.948062 0.855278 0.767332 0.682818 0.6
0.0 0.0226417 0.0458598 0.0702145 0.0962335 0.124393 0.155101 0.188678 0.225353 0.265257 0.308437 0.354875 0.404513 0.457283 0.513134 0.572053 0.634074 0.699256 0.767582 0.838676 0.911111 0.980892 1.03869 1.06708 1.04702 0.997087 0.934238 0.86735 0.799978 0.733108 0.666667
0.0 0.0194443 0.0395542 0.0609784 0.0843297 0.110161 0.138941 0.171027 0.20665 0.245906 0.288775 0.335141 0.384824 0.437608 0.493266 0.551561 0.612228 0.674906 0.738996 0.803375 0.865896 0.922614 0.967027 0.990544 0.987094 0.962386 0.924652 0.880057 0.832225 0.78302 0.733333
0.0 0.0156319 0.0320347 0.0499647 0.0701422 0.0932231 0.11976 0.150164 0.184671 0.223334 0.266036 0.312534 0.362493 0.415533 0.471243 0.529183 0.588853 0.649619 0.710581 0.770377 0.826902 0.877034 0.916622 0.941301 0.948713 0.940951 0.922126 0.896151 0.865946 0.833464 0.8
0.0 0.0110988 0.0230884 0.0368522 0.0532473 0.0730694 0.0969961 0.125521 0.158896 0.197111 0.23992 0.286905 0.337542 0.39126 0.447469 0.505558 0.564864 0.624606 0.683791 0.741091 0.79472 0.84239 0.881485 0.909648 0.925788 0.930823 0.926944 0.916625 0.902046 0.884939 0.866667
0.0 0.00572489 0.0124678 0.0212565 0.0331207 0.0490509 0.0699158 0.0963481 0.128637 0.166682 0.210045 0.258063 0.309966 0.364966 0.422292 0.481197 0.540916 0.600621 0.659345 0.715915 0.768914 0.816711 0.857637 0.89034 0.914252 0.929849 0.938399 0.941508 0.940774 0.93763 0.933333
0.0 -0.000617045 -9.9339e-05 0.00273288 0.00912236 0.0203367 0.0375489 0.0616388 0.0929768 0.131322 0.175929 0.225772 0.279749 0.336812 0.396014 0.456499 0.51746 0.578086 0.637507 0.694748 0.748725 0.798292 0.842368 0.880145 0.911312 0.936162 0.955491 0.970382 0.982011 0.991523 1.0
0.0 -0.00804403 -0.0148821 -0.019201 -0.0195073 -0.0141376 -0.00141595 0.0199996 0.0506636 0.0900846 0.136989 0.189781 0.246899 0.306987 0.368928 0.431801 0.494812 0.557224 0.618302 0.67728 0.733359 0.785749 0.833752 0.87688 0.914971 0.948235 0.977213 1.00267 1.02546 1.0465 1.06667
0.0 -0.0166275 -0.0320856 -0.0450011 -0.0536204 -0.055727 -0.0487963 -0.0305708 -5.46489e-05 0.0417475 0.0925723 0.149898 0.21153 0.275772 0.341381 0.40744 0.473235 0.53816 0.601649 0.663145 0.722094 0.777978 0.830363 0.87897 0.923735 0.964832 1.00265 1.03775 1.07077 1.1024 1.13333
0.0 -0.026331 -0.0517335 -0.0749519 -0.0940544 -0.106118 -0.107194 -0.0931161 -0.0617082 -0.0152306 0.0420635 0.10614 0.173999 0.243652 0.313854 0.383814 0.452998 0.520993 0.587439 0.651987 0.714305 0.77409 0.831104 0.885219 0.936444 0.984941 1.03101 1.07507 1.11757 1.15905 1.2
0.0 -0.0369139 -0.0734681 -0.108873 -0.141336 -0.167261 -0.180471 -0.172677 -0.138083 -0.082645 -0.0148211 0.059031 0.135119 0.211445 0.287037 0.361436 0.434417 0.505838 0.575573 0.643491 0.709457 0.773352 0.835095 0.894673 0.952157 1.00771 1.06158 1.11407 1.16551 1.21626 1.26667
0.0 -0.0478076 -0.0962543 -0.145593 -0.194966 -0.240886 -0.274476 -0.278725 -0.234952 -0.162067 -0.0773284 0.0101135 0.0964463 0.180431 0.261877 0.340945 0.417864 0.492827 0.56597 0.637374 0.707087 0.775146 0.8416 0.906535 0.970077 1.0324 1.09372 1.15426 1.21424 1.27387 1.33333
0.0 -0.0580134 -0.118052 -0.182133 -0.251861 -0.326606 -0.39755 -0.432481 -0.360588 -0.252967 -0.142135 -0.0372689 0.0605652 0.152412 0.239559 0.32307 0.403729 0.482093 0.55855 0.633376 0.706776 0.778921 0.849973 0.920101 0.98949 1.05834 1.12683 1.19515 1.26341 1.33169 1.4
0.0 -0.0661458 -0.13571 -0.212884 -0.303548 -0.415896 -0.556363 -0.692751 -0.521608 -0.346701 -0.200573 -0.0771951 0.0311133 0.129548 0.221341 0.308511 0.392353 0.473721 0.553205 0.631228 0.708123 0.784167 0.859616 0.934718 1.00972 1.08485 1.16031 1.23623 1.31267 1.38954 1.46667
0.0 -0.0708112 -0.145662 -0.230002 -0.333364 -0.476835 -0.718984 -1.26024 -0.686047 -0.411281 -0.23586 -0.101629 0.0119759 0.113778 0.208206 0.297745 0.383911 0.467688 0.549759 0.630634 0.710723 0.790383 0.86995 0.949748 1.03009 1.11127 1.19351 1.27696 1.36158 1.44718 1.53333
0.0 -0.0713884 -0.146031 -0.227955 -0.322884 -0.438867 -0.58222 -0.720664 -0.550711 -0.376142 -0.229559 -0.105014 0.00508015 0.105834 0.200418 0.290815 0.378317 0.463812 0.547951 0.631249 0.714151 0.797066 0.880397 0.964543 1.0499 1.13685 1.2257 1.31664 1.40963 1.50432 1.6
0.0 -0.0686637 -0.139021 -0.212761 -0.291162 -0.373298 -0.450097 -0.489174 -0.419647 -0.312647 -0.20082 -0.0935279 0.00796218 0.104512 0.197275 0.28724 0.375189 0.461743 0.547421 0.632682 0.717965 0.803709 0.890371 0.978432 1.0684 1.16076 1.25599 1.35441 1.45606 1.56051 1.66667
0.0 -0.0641971 -0.128535 -0.192763 -0.25552 -0.312836 -0.355424 -0.365982 -0.325715 -0.253607 -0.167149 -0.07582 0.016221 0.107428 0.197386 0.28614 0.373913 0.461002 0.547745 0.634514 0.721716 0.809805 0.899287 0.990728 1.08475 1.18205 1.28329 1.38909 1.49979 1.61504 1.73333
0.0 -0.0595416 -0.118064 -0.174095 -0.225132 -0.266874 -0.292513 -0.293306 -0.263284 -0.208547 -0.137953 -0.0584047 0.02575 0.11204 0.199159 0.286481 0.373776 0.461054 0.54848 0.636331 0.724979 0.814881 0.906586 1.00075 1.09812 1.1996 1.30621 1.41902 1.53904 1.6666 1.8
0.0 -0.055858 -0.109988 -0.160278 -0.203853 -0.236787 -0.254178 -0.25114 -0.225229 -0.178973 -0.117316 -0.0451773 0.0335792 0.116271 0.201184 0.287307 0.374113 0.461408 0.549226 0.637772 0.727384 0.818523 0.911773 1.00785 1.10765 1.21227 1.3231 1.4419 1.57087 1.71235 1.86667
0.0 -0.0538545 -0.105658 -0.153036 -0.19303 -0.222016 -0.236001 -0.231542 -0.20718 -0.164428 -0.106763 -0.0381502 0.0379077 0.118729 0.202455 0.287907 0.374417 0.461686 0.54968 0.638565 0.72866 0.820427 0.914469 1.01155 1.11263 1.21896 1.33221 1.45474 1.59027 1.7453 1.93333
0.0 -0.0538545 -0.105658 -0.153036 -0.19303 -0.222016 -0.236001 -0.231542 -0.20718 -0.164428 -0.106763 -0.0381502 0.0379077 0.118729 0.202455 0.287907 0.374417 0.461686 0.54968 0.638565 0.72866 0.820427 0.914469 1.01155 1.11263 1.21896 1.33221 1.45474 1.59027 1.7453 1.93333